TIMESTAMP,TEMP,RAIN,HUMIDITY,FORECAST,ACTUATOR,TIME_ACTUATOR
Sun May 24 13:29:20 2015,20.14,0,30,-1,1,0
Sun May 24 13:29:30 2015,20.14,0,29,4,1,10
Sun May 24 13:29:40 2015,20.27,0,30,4,1,20
Sun May 24 13:29:50 2015,20.33,0,30,4,1,30
Sun May 24 13:30:00 2015,20.14,0,30,4,1,40
Sun May 24 13:30:10 2015,20.09,0,30,4,1,50
Sun May 24 13:30:20 2015,20.14,0,30,4,1,60
Sun May 24 13:30:30 2015,20.09,0,30,4,1,70
Sun May 24 13:30:40 2015,20.14,0,30,4,1,80
Sun May 24 13:30:50 2015,20.14,0,30,4,1,90
Sun May 24 13:31:00 2015,20.27,0,30,4,1,100
Sun May 24 13:31:10 2015,20.14,0,30,4,1,110
Sun May 24 13:31:20 2015,20.20,0,30,4,1,120
Sun May 24 13:31:30 2015,20.22,0,30,4,1,130
Sun May 24 13:31:40 2015,20.42,0,30,4,1,140
Sun May 24 13:31:50 2015,20.14,0,30,4,1,150
Sun May 24 13:32:00 2015,20.14,0,30,4,1,160
Sun May 24 13:32:10 2015,20.09,0,30,4,1,170
Sun May 24 13:32:20 2015,19.70,0,30,4,1,180
Sun May 24 13:32:30 2015,19.70,0,30,4,1,190
Sun May 24 13:32:40 2015,19.68,0,30,4,1,200
Sun May 24 13:32:50 2015,19.70,0,30,4,1,210
Sun May 24 13:33:00 2015,19.79,0,30,4,1,220
Sun May 24 13:33:10 2015,19.79,0,30,4,1,230
Sun May 24 13:33:20 2015,19.85,0,30,4,1,240
Sun May 24 13:33:30 2015,19.79,0,31,4,1,250
Sun May 24 13:33:40 2015,19.52,0,30,4,1,260
Sun May 24 13:33:50 2015,19.44,0,30,4,1,270
Sun May 24 13:34:00 2015,19.90,0,30,4,1,280
Sun May 24 13:34:10 2015,19.52,0,30,4,1,290
Sun May 24 13:34:20 2015,19.90,0,31,4,1,300
Sun May 24 13:34:30 2015,19.41,0,31,4,1,310
Sun May 24 13:34:40 2015,19.55,0,31,4,1,320
Sun May 24 13:34:50 2015,19.46,0,31,4,1,330
Sun May 24 13:35:00 2015,19.39,0,31,4,1,340
Sun May 24 13:35:10 2015,19.00,0,31,4,1,350
Sun May 24 13:35:20 2015,18.82,0,32,4,1,360
Sun May 24 13:35:30 2015,18.74,0,32,4,1,370
Sun May 24 13:35:40 2015,18.82,0,32,4,1,380
Sun May 24 13:35:50 2015,18.82,0,32,4,1,390
Sun May 24 13:36:00 2015,18.80,0,32,4,1,400
Sun May 24 13:36:10 2015,19.20,0,31,4,1,410
Sun May 24 13:36:20 2015,19.61,0,30,4,1,420
Sun May 24 13:36:30 2015,19.92,0,30,4,1,430
Sun May 24 13:36:40 2015,19.70,0,30,4,1,440
Sun May 24 13:36:50 2015,19.52,0,30,4,1,450
Sun May 24 13:37:00 2015,19.52,0,30,4,1,460
Sun May 24 13:37:10 2015,19.52,0,30,4,1,470
Sun May 24 13:37:20 2015,19.74,0,30,4,1,480
Sun May 24 13:37:30 2015,19.90,0,30,4,1,490
Sun May 24 13:37:40 2015,19.50,0,30,4,1,500
Sun May 24 13:37:50 2015,19.39,0,31,4,1,510
Sun May 24 13:38:00 2015,19.35,0,31,4,1,520
Sun May 24 13:38:10 2015,19.26,0,31,4,1,530
Sun May 24 13:38:20 2015,19.63,0,31,4,1,540
Sun May 24 13:38:30 2015,19.26,0,31,4,1,550
Sun May 24 13:38:40 2015,19.50,0,31,4,1,560
Sun May 24 13:38:50 2015,19.35,0,31,4,1,570
Sun May 24 13:39:00 2015,19.17,0,31,4,1,580
Sun May 24 13:39:10 2015,19.00,0,31,4,1,590
Sun May 24 13:39:20 2015,19.17,0,31,4,1,600
Sun May 24 13:39:30 2015,19.00,0,31,4,1,610
Sun May 24 13:39:40 2015,18.82,0,31,4,1,620
Sun May 24 13:39:50 2015,18.74,0,31,4,1,630
Sun May 24 13:40:00 2015,18.82,0,31,4,1,640
Sun May 24 13:40:10 2015,18.98,0,31,4,1,650
Sun May 24 13:40:20 2015,18.82,0,32,4,1,660
Sun May 24 13:40:30 2015,16.63,1,35,4,1,670
Sun May 24 13:40:40 2015,16.98,1,35,4,1,680
Sun May 24 13:40:50 2015,16.74,1,35,4,1,690
Sun May 24 13:41:00 2015,16.72,1,35,4,1,700
Sun May 24 13:41:10 2015,16.72,1,35,4,1,710
Sun May 24 13:41:20 2015,16.92,1,35,4,1,720
Sun May 24 13:41:30 2015,21.65,0,27,4,1,730
Sun May 24 13:41:40 2015,21.49,0,28,4,1,740
Sun May 24 13:41:50 2015,21.43,0,27,4,1,750
Sun May 24 13:42:00 2015,21.49,0,27,4,1,760
Sun May 24 13:42:10 2015,21.28,0,28,4,1,770
Sun May 24 13:42:20 2015,21.49,0,28,4,1,780
Sun May 24 13:42:30 2015,21.49,0,28,4,1,790
Sun May 24 13:42:40 2015,21.49,0,28,4,1,800
Sun May 24 13:42:50 2015,21.49,0,28,4,1,810
Sun May 24 13:43:00 2015,21.28,0,28,4,1,820
Sun May 24 13:43:10 2015,21.43,0,28,4,1,830
Sun May 24 13:43:20 2015,21.39,0,28,4,1,840
Sun May 24 13:43:30 2015,21.19,0,28,4,1,850
Sun May 24 13:43:40 2015,21.49,0,28,4,1,860
Sun May 24 13:43:50 2015,21.28,0,28,4,1,870
Sun May 24 13:44:00 2015,21.47,0,28,4,1,880
Sun May 24 13:44:10 2015,21.19,0,28,4,1,890
Sun May 24 13:44:20 2015,21.49,0,28,4,1,900
Sun May 24 13:44:30 2015,21.49,0,28,4,1,910
Sun May 24 13:44:40 2015,21.49,0,28,4,1,920
Sun May 24 13:44:50 2015,21.10,0,29,4,1,930
Sun May 24 13:45:00 2015,21.10,0,28,4,1,940
Sun May 24 13:45:10 2015,21.19,0,28,4,1,950
Sun May 24 13:45:20 2015,21.49,0,29,4,1,960
Sun May 24 13:45:30 2015,21.28,0,29,4,1,970
Sun May 24 13:45:40 2015,21.43,0,28,4,1,980
Sun May 24 13:45:50 2015,21.19,0,28,4,1,990
Sun May 24 13:46:00 2015,21.28,0,29,4,,1000
Sun May 24 13:46:10 2015,21.10,0,29,4,,1010
Sun May 24 13:46:20 2015,21.10,0,29,4,,1020
Sun May 24 13:46:30 2015,21.49,0,29,4,,1030
Sun May 24 13:46:40 2015,21.10,0,29,4,,1040
Sun May 24 13:46:50 2015,21.10,0,29,4,,1050
Sun May 24 13:47:00 2015,21.10,0,29,4,,1060
Sun May 24 13:47:10 2015,21.10,0,29,4,,1070
Sun May 24 13:47:20 2015,21.47,0,28,4,,1080
Sun May 24 13:47:30 2015,21.10,0,28,4,,1090
Sun May 24 13:47:40 2015,21.19,0,28,4,,1100
Sun May 24 13:47:50 2015,21.19,0,29,4,,1110
Sun May 24 13:48:00 2015,21.10,0,29,4,,1120
Sun May 24 13:48:10 2015,21.47,0,28,4,,1130
Sun May 24 13:48:20 2015,21.14,0,28,4,,1140
Sun May 24 13:48:30 2015,21.10,0,28,4,,1150
Sun May 24 13:48:40 2015,21.19,0,29,4,,1160
Sun May 24 13:48:50 2015,21.47,0,28,4,,1170
Sun May 24 13:49:00 2015,21.47,0,29,4,,1180
Sun May 24 13:49:10 2015,21.01,0,29,4,,1190
Sun May 24 13:49:20 2015,20.92,0,29,4,,1200
Sun May 24 13:49:30 2015,21.14,0,29,4,,1210
Sun May 24 13:49:40 2015,21.10,0,29,4,,1220
Sun May 24 13:49:50 2015,20.84,0,30,4,,1230
Sun May 24 13:50:00 2015,20.92,0,29,4,,1240
Sun May 24 13:50:10 2015,20.84,0,29,4,,1250
Sun May 24 13:50:20 2015,20.81,0,30,4,,1260
Sun May 24 13:50:30 2015,20.84,0,29,4,,1270
Sun May 24 13:50:40 2015,20.77,0,30,4,,1280
Sun May 24 13:50:50 2015,20.22,0,31,4,,1290
Sun May 24 13:51:00 2015,20.38,0,30,4,,1300
Sun May 24 13:51:10 2015,20.42,0,30,4,,1310
Sun May 24 13:51:20 2015,20.14,0,31,4,,1320
Sun May 24 13:51:30 2015,20.14,0,30,4,,1330
Sun May 24 13:51:40 2015,20.44,0,30,4,,1340
Sun May 24 13:51:50 2015,20.22,0,30,4,,1350
Sun May 24 13:52:00 2015,20.14,0,30,4,,1360
Sun May 24 13:52:10 2015,20.14,0,30,4,,1370
Sun May 24 13:52:20 2015,20.42,0,30,4,,1380
Sun May 24 13:52:30 2015,20.38,0,30,4,,1390
Sun May 24 13:52:40 2015,20.05,0,30,4,,1400
Sun May 24 13:52:50 2015,20.09,0,30,4,,1410
Sun May 24 13:53:00 2015,20.09,0,30,4,,1420
Sun May 24 13:53:10 2015,20.09,0,30,4,,1430
Sun May 24 13:53:20 2015,20.09,0,29,4,,1440
Sun May 24 13:53:30 2015,20.03,0,30,4,,1450
Sun May 24 13:53:40 2015,20.07,0,30,4,,1460
Sun May 24 13:53:50 2015,19.44,0,31,4,,1470
Sun May 24 13:54:00 2015,19.74,0,30,4,,1480
Sun May 24 13:54:10 2015,19.35,0,30,4,,1490
Sun May 24 13:54:20 2015,19.17,0,31,4,,1500
Sun May 24 13:54:30 2015,19.09,0,31,4,,1510
Sun May 24 13:54:40 2015,19.37,0,31,4,,1520
Sun May 24 13:54:50 2015,18.74,0,31,4,,1530
Sun May 24 13:55:00 2015,15.16,1,37,4,,1540
Sun May 24 13:55:10 2015,15.31,1,37,4,,1550
Sun May 24 13:55:20 2015,15.31,1,37,4,,1560
Sun May 24 13:55:30 2015,15.07,1,37,4,,1570
Sun May 24 13:55:40 2015,15.18,0,37,4,,1580
Sun May 24 13:55:50 2015,14.43,1,38,4,,1590
Sun May 24 13:56:00 2015,13.05,1,40,4,,1600
Sun May 24 13:56:10 2015,13.19,1,41,4,,1610
Sun May 24 13:56:20 2015,12.47,1,40,4,,1620
Sun May 24 13:56:30 2015,13.10,1,40,4,,1630
Sun May 24 13:56:40 2015,12.70,1,40,4,,1640
Sun May 24 13:56:50 2015,13.45,0,40,4,,1650
Sun May 24 13:57:00 2015,13.28,1,40,4,,1660
Sun May 24 13:57:10 2015,13.45,1,40,4,,1670
Sun May 24 13:57:20 2015,14.08,0,38,4,,1680
Sun May 24 13:57:30 2015,14.25,1,39,4,,1690
Sun May 24 13:57:40 2015,13.72,1,39,4,,1700
Sun May 24 13:57:50 2015,14.52,1,38,4,,1710
Sun May 24 13:58:00 2015,14.78,1,37,4,,1720
Sun May 24 13:58:10 2015,15.09,0,37,4,,1730
Sun May 24 13:58:20 2015,14.78,0,37,4,,1740
Sun May 24 13:58:30 2015,15.18,1,37,4,,1750
Sun May 24 13:58:40 2015,14.96,1,37,4,,1760
Sun May 24 13:58:50 2015,14.78,1,37,4,,1770
Sun May 24 13:59:00 2015,15.12,1,37,4,,1780
Sun May 24 13:59:10 2015,14.87,1,37,4,,1790
Sun May 24 13:59:20 2015,14.87,1,37,4,,1800
Sun May 24 13:59:30 2015,15.18,1,37,4,,1810
Sun May 24 13:59:40 2015,14.96,1,37,4,,1820
Sun May 24 13:59:50 2015,15.23,1,37,4,,1830
Sun May 24 14:00:00 2015,15.16,1,37,4,,1840
Sun May 24 14:00:10 2015,19.02,0,31,4,,1850
Sun May 24 14:00:20 2015,18.74,0,31,4,,1860
Sun May 24 14:00:30 2015,18.74,0,31,4,,1870
Sun May 24 14:00:40 2015,18.65,0,31,4,,1880
Sun May 24 14:00:50 2015,18.80,0,31,4,,1890
Sun May 24 14:01:00 2015,18.74,0,31,4,,1900
Sun May 24 14:01:10 2015,18.63,0,31,4,,1910
Sun May 24 14:01:20 2015,18.69,0,31,4,,1920
Sun May 24 14:01:30 2015,18.47,0,32,4,,1930
Sun May 24 14:01:40 2015,18.69,0,32,4,,1940
Sun May 24 14:01:50 2015,18.39,1,32,4,,1950
Sun May 24 14:02:00 2015,18.47,0,31,4,,1960
Sun May 24 14:02:10 2015,18.39,0,32,4,,1970
Sun May 24 14:02:20 2015,18.30,0,32,4,,1980
Sun May 24 14:02:30 2015,18.30,1,32,4,,1990
Sun May 24 14:02:40 2015,18.39,1,32,4,,2000
Sun May 24 14:02:50 2015,18.30,1,32,4,,2010
Sun May 24 14:03:00 2015,18.34,0,32,4,,2020
Sun May 24 14:03:10 2015,18.12,0,32,4,,2030
Sun May 24 14:03:20 2015,14.98,1,37,4,,2040
Sun May 24 14:03:30 2015,14.87,1,37,4,,2050
Sun May 24 14:03:40 2015,14.87,1,38,4,,2060
Sun May 24 14:03:50 2015,14.87,0,38,4,,2070
Sun May 24 14:04:00 2015,14.61,0,37,4,,2080
Sun May 24 14:04:10 2015,14.87,1,37,4,,2090
Sun May 24 14:04:20 2015,14.83,1,37,4,,2100
Sun May 24 14:04:30 2015,14.61,1,38,4,,2110
Sun May 24 14:04:40 2015,15.00,1,37,4,,2120
Sun May 24 14:04:50 2015,14.76,1,38,4,,2130
Sun May 24 14:05:00 2015,14.61,1,38,4,,2140
Sun May 24 14:05:10 2015,14.87,1,37,4,,2150
Sun May 24 14:05:20 2015,14.78,1,37,4,,2160
Sun May 24 14:05:30 2015,14.83,1,38,4,,2170
Sun May 24 14:05:40 2015,14.78,1,38,4,,2180
Sun May 24 14:05:50 2015,14.70,1,37,4,,2190
Sun May 24 14:06:00 2015,14.61,1,37,4,,2200
Sun May 24 14:06:10 2015,14.61,1,37,4,,2210
Sun May 24 14:06:20 2015,14.83,1,37,4,,2220
Sun May 24 14:06:30 2015,14.78,1,38,4,,2230
Sun May 24 14:06:40 2015,14.83,1,38,4,,2240
Sun May 24 14:06:50 2015,14.61,1,38,4,,2250
Sun May 24 14:07:00 2015,14.61,1,38,4,,2260
Sun May 24 14:07:10 2015,14.61,1,38,4,,2270
Sun May 24 14:07:20 2015,14.83,0,38,4,,2280
Sun May 24 14:07:30 2015,14.78,0,38,4,,2290
Sun May 24 14:07:40 2015,14.78,1,38,4,,2300
Sun May 24 14:07:50 2015,14.94,1,38,4,,2310
Sun May 24 14:08:00 2015,14.61,1,38,4,,2320
Sun May 24 14:08:10 2015,14.59,1,39,4,,2330
Sun May 24 14:08:20 2015,14.81,0,38,4,,2340
Sun May 24 14:08:30 2015,14.61,1,38,4,,2350
Sun May 24 14:08:40 2015,14.61,0,38,4,,2360
Sun May 24 14:08:50 2015,14.83,0,38,4,,2370
Sun May 24 14:09:00 2015,14.61,1,38,4,,2380
Sun May 24 14:09:10 2015,14.61,1,38,4,,2390
Sun May 24 14:09:20 2015,14.61,1,38,4,,2400
Sun May 24 14:09:30 2015,14.65,1,38,4,,2410
Sun May 24 14:09:40 2015,14.52,1,38,4,,2420
Sun May 24 14:09:50 2015,14.72,1,38,4,,2430
Sun May 24 14:10:00 2015,14.52,1,38,4,,2440
Sun May 24 14:10:10 2015,14.61,0,38,4,,2450
Sun May 24 14:10:20 2015,14.76,1,38,4,,2460
Sun May 24 14:10:30 2015,14.52,1,38,4,,2470
Sun May 24 14:10:40 2015,14.98,1,37,4,,2480
Sun May 24 14:10:50 2015,14.98,1,37,4,,2490
Sun May 24 14:11:00 2015,14.78,1,37,4,,2500
Sun May 24 14:11:10 2015,14.61,0,37,4,,2510
Sun May 24 14:11:20 2015,14.52,0,37,4,,2520
Sun May 24 14:11:30 2015,14.61,1,37,4,,2530
Sun May 24 14:11:40 2015,14.61,1,37,4,,2540
Sun May 24 14:11:50 2015,14.52,0,37,4,,2550
Sun May 24 14:12:00 2015,14.87,0,37,4,,2560
Sun May 24 14:12:10 2015,14.61,1,38,4,,2570
Sun May 24 14:12:20 2015,14.52,1,38,4,,2580
Sun May 24 14:12:30 2015,14.52,1,38,4,,2590
Sun May 24 14:12:40 2015,14.45,1,38,4,,2600
Sun May 24 14:12:50 2015,13.21,1,40,4,,2610
Sun May 24 14:13:00 2015,13.81,0,38,4,,2620
Sun May 24 14:13:10 2015,13.90,0,39,4,,2630
Sun May 24 14:13:20 2015,13.72,1,38,4,,2640
Sun May 24 14:13:30 2015,13.72,1,39,4,,2650
Sun May 24 14:13:40 2015,13.45,1,39,4,,2660
Sun May 24 14:13:50 2015,13.37,1,39,4,,2670
Sun May 24 14:14:00 2015,13.19,0,39,4,,2680
Sun May 24 14:14:10 2015,13.05,1,40,4,,2690
Sun May 24 14:14:20 2015,12.83,1,40,4,,2700
Sun May 24 14:14:30 2015,20.07,0,29,4,,2710
Sun May 24 14:14:40 2015,19.87,0,28,4,,2720
Sun May 24 14:14:50 2015,20.09,0,29,4,,2730
Sun May 24 14:15:00 2015,20.20,0,28,4,,2740
Sun May 24 14:15:10 2015,20.20,0,29,4,,2750
Sun May 24 14:15:20 2015,20.14,0,29,4,,2760
Sun May 24 14:15:30 2015,20.14,0,29,4,,2770
Sun May 24 14:15:40 2015,20.14,0,29,4,,2780
Sun May 24 14:15:50 2015,20.42,0,28,4,,2790
Sun May 24 14:16:00 2015,20.42,0,29,4,,2800
Sun May 24 14:16:10 2015,20.42,0,28,4,,2810
Sun May 24 14:16:20 2015,20.33,0,28,4,,2820
Sun May 24 14:16:30 2015,20.14,0,28,4,,2830
Sun May 24 14:16:40 2015,20.14,0,28,4,,2840
Sun May 24 14:16:50 2015,20.14,0,28,4,,2850
Sun May 24 14:17:00 2015,20.09,0,28,4,,2860
Sun May 24 14:17:10 2015,20.20,0,28,4,,2870
Sun May 24 14:17:20 2015,20.09,0,28,4,,2880
Sun May 24 14:17:30 2015,20.05,0,28,4,,2890
Sun May 24 14:17:40 2015,20.05,0,28,4,,2900
Sun May 24 14:17:50 2015,20.27,0,29,4,,2910
Sun May 24 14:18:00 2015,19.79,0,30,4,,2920
Sun May 24 14:18:10 2015,20.07,0,30,4,,2930
Sun May 24 14:18:20 2015,19.70,0,30,4,,2940
Sun May 24 14:18:30 2015,19.52,0,30,4,,2950
Sun May 24 14:18:40 2015,19.74,0,31,4,,2960
Sun May 24 14:18:50 2015,19.17,0,31,4,,2970
Sun May 24 14:19:00 2015,19.09,0,31,4,,2980
Sun May 24 14:19:10 2015,18.82,0,31,4,,2990
Sun May 24 14:19:20 2015,18.69,0,32,4,,3000
Sun May 24 14:19:30 2015,18.23,1,33,4,,3010
Sun May 24 14:19:40 2015,17.69,1,33,4,,3020
Sun May 24 14:19:50 2015,18.12,0,32,4,,3030
Sun May 24 14:20:00 2015,18.30,0,32,4,,3040
Sun May 24 14:20:10 2015,18.47,0,32,4,,3050
Sun May 24 14:20:20 2015,18.47,1,32,4,,3060
Sun May 24 14:26:46 2015,21.10,0,26,4,1,0
Sun May 24 14:26:55 2015,21.10,0,27,4,1,9
Sun May 24 14:27:04 2015,21.10,0,27,4,1,18
Sun May 24 14:27:14 2015,21.10,0,26,4,1,28
Sun May 24 14:27:24 2015,21.10,0,27,4,1,38
Sun May 24 14:27:34 2015,21.10,0,26,4,1,48
Sun May 24 14:27:44 2015,21.30,0,26,4,1,58
Sun May 24 14:27:54 2015,20.92,0,26,4,1,68
Sun May 24 14:28:04 2015,21.14,0,27,4,1,78
Sun May 24 14:28:14 2015,20.84,0,27,4,1,88
Sun May 24 14:28:24 2015,20.84,0,26,4,1,98
Sun May 24 14:28:34 2015,20.84,0,26,4,1,108
Sun May 24 14:28:35 2015,21.08,0,26,4,1,109
Sun May 24 14:28:44 2015,21.14,0,26,4,1,118
Sun May 24 14:28:54 2015,20.84,0,26,4,1,128
Sun May 24 14:29:04 2015,20.90,0,26,4,1,138
Sun May 24 14:29:14 2015,20.92,0,26,4,1,148
Sun May 24 14:29:24 2015,21.03,0,26,4,1,158
Sun May 24 14:29:34 2015,20.84,0,26,4,1,168
Sun May 24 14:29:44 2015,20.77,0,26,4,1,178
Sun May 24 14:29:54 2015,21.03,0,26,4,1,188
Sun May 24 14:30:04 2015,20.90,0,26,4,1,198
Sun May 24 14:30:14 2015,20.81,0,26,4,1,208
Sun May 24 14:30:24 2015,20.86,0,26,4,1,218
Sun May 24 14:30:34 2015,20.40,0,26,4,1,228
Sun May 24 14:30:44 2015,20.14,0,27,4,1,238
Sun May 24 14:30:54 2015,20.60,0,27,4,1,248
Sun May 24 14:31:04 2015,20.38,0,27,4,1,258
Sun May 24 14:31:14 2015,20.68,0,27,4,1,268
Sun May 24 14:31:24 2015,20.22,0,27,4,1,278
Sun May 24 14:31:34 2015,20.22,0,27,4,1,288
Sun May 24 14:31:44 2015,20.22,0,26,4,1,298
Sun May 24 14:31:54 2015,20.38,0,27,4,1,308
Sun May 24 14:32:03 2015,20.33,0,27,4,1,317
Sun May 24 14:32:13 2015,20.33,0,27,4,1,327
Sun May 24 14:32:23 2015,20.05,0,27,4,1,337
Sun May 24 14:32:29 2015,20.27,0,27,4,1,343
Sun May 24 14:32:39 2015,20.14,0,27,4,1,353
Sun May 24 14:32:49 2015,20.03,0,27,4,1,363
Sun May 24 14:32:59 2015,19.00,0,29,4,1,373
Sun May 24 14:33:09 2015,17.77,1,30,4,1,383
Sun May 24 14:33:19 2015,18.98,0,29,4,1,393
Sun May 24 14:33:29 2015,18.98,0,29,4,1,403
Sun May 24 14:33:39 2015,18.91,0,28,4,1,413
Sun May 24 14:33:49 2015,19.00,0,29,4,1,423
Sun May 24 14:33:59 2015,19.00,0,28,4,1,433
Sun May 24 14:34:09 2015,19.17,0,28,4,1,443
Sun May 24 14:34:19 2015,19.09,0,28,4,1,453
Sun May 24 14:34:29 2015,19.37,0,29,4,1,463
Sun May 24 14:34:39 2015,19.17,0,28,4,1,473
Sun May 24 14:34:49 2015,19.41,0,29,4,1,483
Sun May 24 14:34:59 2015,19.50,0,28,4,1,493
Sun May 24 14:35:09 2015,19.52,0,28,4,1,503
Sun May 24 14:35:19 2015,19.63,0,28,4,1,513
Sun May 24 14:35:29 2015,19.33,0,29,4,1,523
Sun May 24 14:35:39 2015,19.35,0,29,4,1,533
Sun May 24 14:35:49 2015,19.17,0,29,4,1,543
Sun May 24 14:35:59 2015,19.37,0,29,4,1,553
Sun May 24 14:36:09 2015,19.09,0,28,4,1,563
Sun May 24 14:36:19 2015,19.22,0,28,4,1,573
Sun May 24 14:36:29 2015,19.17,0,32,4,1,583
Sun May 24 14:36:39 2015,20.07,0,27,4,1,593
Sun May 24 14:36:49 2015,19.70,0,28,4,1,603
Sun May 24 14:36:59 2015,19.70,0,28,4,1,613
Sun May 24 14:37:09 2015,19.70,0,28,4,1,623
Sun May 24 14:37:19 2015,19.35,0,29,4,1,633
Sun May 24 14:37:29 2015,19.50,0,29,4,1,643
Sun May 24 14:37:39 2015,19.52,0,29,4,1,653
Sun May 24 14:37:49 2015,19.50,0,29,4,1,663
Sun May 24 14:37:59 2015,19.63,0,28,4,1,673
Sun May 24 14:38:09 2015,19.33,0,29,4,1,683
Sun May 24 14:38:19 2015,19.33,0,29,4,1,693
Sun May 24 14:38:29 2015,19.17,0,28,4,1,703
Sun May 24 14:38:39 2015,19.33,0,29,4,1,713
Sun May 24 14:38:49 2015,19.17,0,28,4,1,723
Sun May 24 14:38:59 2015,19.37,0,28,4,1,733
Sun May 24 14:39:09 2015,19.41,0,28,4,1,743
Sun May 24 14:39:19 2015,19.09,0,28,4,1,753
Sun May 24 14:39:29 2015,19.17,0,28,4,1,763
Sun May 24 14:39:39 2015,19.00,0,28,4,1,773
Sun May 24 14:39:49 2015,19.17,0,28,4,1,783
Sun May 24 14:39:59 2015,19.09,0,28,4,1,793
Sun May 24 14:40:09 2015,19.00,0,28,4,1,803
Sun May 24 14:40:19 2015,19.09,0,28,4,1,813
Sun May 24 14:40:29 2015,18.91,0,28,4,1,823
Sun May 24 14:40:39 2015,19.22,0,28,4,1,833
Sun May 24 14:40:49 2015,19.26,0,28,4,1,843
Sun May 24 14:40:59 2015,19.22,0,28,4,1,853
Sun May 24 14:41:09 2015,19.37,0,28,4,1,863
Sun May 24 14:41:19 2015,19.00,0,28,4,1,873
Sun May 24 14:41:29 2015,19.37,0,28,4,1,883
Sun May 24 14:41:39 2015,19.00,0,28,4,1,893
Sun May 24 14:41:49 2015,19.20,0,28,4,1,903
Sun May 24 14:41:59 2015,19.00,0,28,4,1,913
Sun May 24 14:42:09 2015,19.20,0,28,4,1,923
Sun May 24 14:42:19 2015,19.00,0,29,4,1,933
Sun May 24 14:42:29 2015,18.82,0,28,4,1,943
Sun May 24 14:42:39 2015,18.98,0,28,4,1,953
Sun May 24 14:42:49 2015,18.82,0,29,4,1,963
Sun May 24 14:42:59 2015,19.00,0,29,4,1,973
Sun May 24 14:43:09 2015,18.74,0,29,4,1,983
Sun May 24 14:43:19 2015,18.82,0,29,4,1,993
Sun May 24 14:43:29 2015,18.82,0,29,4,,1003
Sun May 24 14:43:39 2015,18.82,0,29,4,,1013
Sun May 24 14:43:49 2015,18.74,0,29,4,,1023
Sun May 24 14:43:59 2015,18.74,0,29,4,,1033
Sun May 24 14:44:09 2015,18.82,0,29,4,,1043
Sun May 24 14:44:19 2015,18.82,0,29,4,,1053
Sun May 24 14:44:29 2015,18.82,0,29,4,,1063
Sun May 24 14:44:39 2015,18.80,0,29,4,,1073
Sun May 24 14:44:49 2015,18.47,0,29,4,,1083
Sun May 24 14:44:59 2015,18.65,0,29,4,,1093
Sun May 24 14:45:09 2015,18.47,0,30,4,,1103
Sun May 24 14:45:19 2015,18.30,0,30,4,,1113
Sun May 24 14:45:29 2015,18.12,1,30,4,,1123
Sun May 24 14:45:39 2015,18.12,0,30,4,,1133
Sun May 24 14:45:49 2015,18.50,1,30,4,,1143
Sun May 24 14:45:59 2015,18.14,1,31,4,,1153
Sun May 24 14:46:09 2015,18.14,0,31,4,,1163
Sun May 24 14:46:19 2015,18.10,0,31,4,,1173
Sun May 24 14:46:29 2015,17.42,0,32,4,,1183
Sun May 24 14:46:39 2015,20.92,0,26,4,,1193
Sun May 24 14:46:49 2015,21.08,0,26,4,,1203
Sun May 24 14:46:59 2015,20.84,0,26,4,,1213
Sun May 24 14:47:09 2015,21.08,0,26,4,,1223
Sun May 24 14:47:19 2015,20.92,0,26,4,,1233
Sun May 24 14:47:29 2015,20.92,0,27,4,,1243
Sun May 24 14:47:39 2015,21.12,0,26,4,,1253
Sun May 24 14:47:49 2015,20.90,0,26,4,,1263
Sun May 24 14:47:59 2015,21.08,0,27,4,,1273
Sun May 24 14:48:09 2015,21.30,0,27,4,,1283
Sun May 24 14:48:19 2015,20.90,0,27,4,,1293
Sun May 24 14:48:29 2015,20.92,0,27,4,,1303
Sun May 24 14:48:39 2015,20.84,0,28,4,,1313
Sun May 24 14:48:49 2015,20.92,0,27,4,,1323
Sun May 24 14:48:59 2015,20.92,0,27,4,,1333
Sun May 24 14:49:09 2015,20.84,0,29,4,,1343
Sun May 24 14:49:19 2015,20.84,0,29,4,,1353
Sun May 24 14:49:29 2015,20.84,0,29,4,,1363
Sun May 24 14:49:39 2015,20.92,0,29,4,,1373
Sun May 24 14:49:49 2015,20.90,0,29,4,,1383
Sun May 24 14:49:59 2015,21.14,0,29,4,,1393
Sun May 24 14:50:09 2015,20.84,0,29,4,,1403
Sun May 24 14:50:19 2015,21.12,0,28,4,,1413
Sun May 24 14:50:29 2015,20.84,0,28,4,,1423
Sun May 24 14:50:39 2015,20.84,0,28,4,,1433
Sun May 24 14:50:49 2015,20.79,0,28,4,,1443
Sun May 24 14:50:59 2015,21.03,0,28,4,,1453
Sun May 24 14:51:09 2015,21.12,0,28,4,,1463
Sun May 24 14:51:19 2015,21.03,0,27,4,,1473
Sun May 24 14:51:29 2015,20.79,0,28,4,,1483
Sun May 24 14:51:39 2015,20.84,0,28,4,,1493
Sun May 24 14:51:49 2015,20.84,0,28,4,,1503
Sun May 24 14:51:59 2015,21.12,0,28,4,,1513
Sun May 24 14:52:09 2015,20.81,0,27,4,,1523
Sun May 24 14:52:19 2015,20.90,0,27,4,,1533
Sun May 24 14:52:29 2015,20.79,0,27,4,,1543
Sun May 24 14:52:39 2015,20.95,0,27,4,,1553
Sun May 24 14:52:49 2015,20.86,0,27,4,,1563
Sun May 24 14:52:59 2015,20.90,0,28,4,,1573
Sun May 24 14:53:09 2015,20.97,0,29,4,,1583
Sun May 24 14:53:19 2015,20.97,0,30,4,,1593
Sun May 24 14:53:29 2015,20.86,0,30,4,,1603
Sun May 24 14:53:39 2015,20.95,0,31,4,,1613
Sun May 24 14:53:49 2015,20.97,0,29,4,,1623
Sun May 24 14:53:59 2015,20.84,0,29,4,,1633
Sun May 24 14:54:09 2015,20.79,0,29,4,,1643
Sun May 24 14:54:19 2015,20.73,0,29,4,,1653
Sun May 24 14:54:29 2015,20.73,0,29,4,,1663
Sun May 24 14:54:39 2015,20.86,0,29,4,,1673
Sun May 24 14:54:49 2015,20.81,0,29,4,,1683
Sun May 24 14:54:59 2015,20.77,0,29,4,,1693
Sun May 24 14:55:09 2015,20.57,0,29,4,,1703
Sun May 24 14:55:19 2015,20.77,0,29,4,,1713
Sun May 24 14:55:29 2015,20.79,0,31,4,,1723
Sun May 24 14:55:39 2015,20.86,0,31,4,,1733
Sun May 24 14:55:49 2015,20.73,0,31,4,,1743
Sun May 24 14:55:59 2015,20.79,0,31,4,,1753
Sun May 24 14:56:09 2015,20.77,0,30,4,,1763
Sun May 24 14:56:19 2015,20.77,0,31,4,,1773
Sun May 24 14:56:29 2015,20.95,0,31,4,,1783
Sun May 24 14:56:39 2015,20.73,0,30,4,,1793
Sun May 24 14:56:49 2015,20.86,0,30,4,,1803
Sun May 24 14:56:59 2015,20.73,0,30,4,,1813
Sun May 24 14:57:09 2015,20.95,0,31,4,,1823
Sun May 24 14:57:19 2015,20.71,0,31,4,,1833
Sun May 24 14:57:29 2015,20.57,0,31,4,,1843
Sun May 24 14:57:39 2015,20.57,0,31,4,,1853
Sun May 24 14:57:49 2015,20.77,0,31,4,,1863
Sun May 24 14:57:59 2015,20.81,0,31,4,,1873
Sun May 24 14:58:09 2015,20.77,0,31,4,,1883
Sun May 24 14:58:19 2015,20.95,0,30,4,,1893
Sun May 24 14:58:29 2015,20.86,0,31,4,,1903
Sun May 24 14:58:39 2015,20.95,0,31,4,,1913
Sun May 24 14:58:49 2015,20.77,0,31,4,,1923
Sun May 24 14:58:59 2015,20.95,0,30,4,,1933
Sun May 24 14:59:09 2015,20.77,0,31,4,,1943
Sun May 24 14:59:19 2015,20.79,0,31,4,,1953
Sun May 24 14:59:29 2015,20.95,0,31,4,,1963
Sun May 24 14:59:39 2015,20.57,0,31,4,,1973
Sun May 24 14:59:49 2015,20.97,0,31,4,,1983
Sun May 24 14:59:59 2015,20.86,0,31,4,,1993
Sun May 24 15:00:09 2015,20.57,0,31,4,,2003
Sun May 24 15:00:19 2015,20.79,0,31,4,,2013
Sun May 24 15:00:29 2015,20.79,0,31,4,,2023
Sun May 24 15:00:39 2015,20.95,0,31,4,,2033
Sun May 24 15:00:49 2015,20.79,0,31,4,,2043
Sun May 24 15:00:59 2015,20.86,0,31,4,,2053
Sun May 24 15:01:09 2015,20.79,0,31,4,,2063
Sun May 24 15:01:19 2015,20.79,0,31,4,,2073
Sun May 24 15:01:29 2015,20.97,0,31,4,,2083
Sun May 24 15:01:39 2015,20.57,0,31,4,,2093
Sun May 24 15:01:49 2015,20.95,0,31,4,,2103
Sun May 24 15:01:59 2015,20.77,0,31,4,,2113
Sun May 24 15:02:09 2015,20.40,0,31,4,,2123
Sun May 24 15:02:19 2015,20.79,0,31,4,,2133
Sun May 24 15:02:29 2015,20.97,0,31,4,,2143
Sun May 24 15:02:39 2015,20.77,0,31,4,,2153
Sun May 24 15:02:49 2015,20.73,0,31,4,,2163
Sun May 24 15:02:59 2015,20.68,0,30,4,,2173
Sun May 24 15:03:09 2015,20.79,0,31,4,,2183
Sun May 24 15:03:19 2015,20.79,0,31,4,,2193
Sun May 24 15:03:29 2015,20.77,0,30,4,,2203
Sun May 24 15:03:39 2015,20.49,0,31,4,,2213
Sun May 24 15:03:49 2015,20.57,0,31,4,,2223
Sun May 24 15:03:59 2015,20.77,0,31,4,,2233
Sun May 24 15:04:09 2015,20.49,0,31,4,,2243
Sun May 24 15:04:19 2015,20.73,0,30,4,,2253
Sun May 24 15:04:29 2015,20.57,0,31,4,,2263
Sun May 24 15:04:39 2015,20.79,0,31,4,,2273
Sun May 24 15:04:49 2015,20.73,0,31,4,,2283
Sun May 24 15:04:59 2015,20.81,0,31,4,,2293
Sun May 24 15:05:09 2015,20.57,0,31,4,,2303
Sun May 24 15:05:19 2015,20.79,0,31,4,,2313
Sun May 24 15:05:29 2015,20.57,0,31,4,,2323
Sun May 24 15:05:39 2015,20.40,0,31,4,,2333
Sun May 24 15:05:49 2015,20.79,0,31,4,,2343
Sun May 24 15:05:59 2015,20.40,0,31,4,,2353
Sun May 24 15:06:09 2015,20.95,0,31,4,,2363
Sun May 24 15:06:19 2015,20.49,0,31,4,,2373
Sun May 24 15:06:29 2015,20.79,0,31,4,,2383
Sun May 24 15:06:39 2015,20.49,0,31,4,,2393
Sun May 24 15:06:49 2015,20.57,0,31,4,,2403
Sun May 24 15:06:59 2015,20.95,0,31,4,,2413
Sun May 24 15:07:09 2015,20.49,0,31,4,,2423
Sun May 24 15:07:19 2015,20.49,0,31,4,,2433
Sun May 24 15:07:29 2015,20.62,0,31,4,,2443
Sun May 24 15:07:39 2015,20.62,0,31,4,,2453
Sun May 24 15:07:49 2015,20.79,0,31,4,,2463
Sun May 24 15:07:59 2015,20.71,0,31,4,,2473
Sun May 24 15:08:09 2015,20.73,0,31,4,,2483
Sun May 24 15:08:19 2015,20.68,0,31,4,,2493
Sun May 24 15:08:29 2015,20.68,0,31,4,,2503
Sun May 24 15:08:39 2015,20.68,0,31,4,,2513
Sun May 24 15:08:49 2015,20.49,0,31,4,,2523
Sun May 24 15:08:59 2015,20.40,0,31,4,,2533
Sun May 24 15:09:09 2015,20.68,0,31,4,,2543
Sun May 24 15:09:19 2015,20.49,0,31,4,,2553
Sun May 24 15:09:29 2015,20.57,0,31,4,,2563
Sun May 24 15:09:39 2015,20.57,0,31,4,,2573
Sun May 24 15:09:49 2015,20.79,0,31,4,,2583
Sun May 24 15:09:59 2015,20.57,0,31,4,,2593
Sun May 24 15:10:09 2015,20.79,0,31,4,,2603
Sun May 24 15:10:19 2015,20.49,0,31,4,,2613
Sun May 24 15:10:29 2015,20.79,0,31,4,,2623
Sun May 24 15:10:39 2015,20.57,0,30,4,,2633
Sun May 24 15:10:49 2015,20.62,0,31,4,,2643
Sun May 24 15:10:59 2015,20.68,0,31,4,,2653
Sun May 24 15:11:09 2015,20.40,0,31,4,,2663
Sun May 24 15:11:19 2015,20.68,0,31,4,,2673
Sun May 24 15:11:29 2015,20.95,0,30,4,,2683
Sun May 24 15:11:39 2015,20.57,0,30,4,,2693
Sun May 24 15:11:49 2015,20.68,0,30,4,,2703
Sun May 24 15:11:59 2015,20.49,0,31,4,,2713
Sun May 24 15:12:09 2015,20.49,0,31,4,,2723
Sun May 24 15:12:19 2015,20.68,0,31,4,,2733
Sun May 24 15:12:29 2015,20.62,0,31,4,,2743
Sun May 24 15:12:39 2015,20.49,0,31,4,,2753
Sun May 24 15:12:49 2015,20.68,0,31,4,,2763
Sun May 24 15:12:59 2015,20.79,0,31,4,,2773
Sun May 24 15:13:09 2015,20.77,0,31,4,,2783
Sun May 24 15:13:19 2015,20.79,0,31,4,,2793
Sun May 24 15:13:29 2015,20.66,0,31,4,,2803
Sun May 24 15:13:39 2015,20.49,0,31,4,,2813
Sun May 24 15:13:49 2015,20.40,0,31,4,,2823
Sun May 24 15:13:59 2015,20.55,0,31,4,,2833
Sun May 24 15:14:09 2015,20.40,0,32,4,,2843
Sun May 24 15:14:19 2015,20.68,0,31,4,,2853
Sun May 24 15:14:29 2015,20.22,0,32,4,,2863
Sun May 24 15:14:39 2015,20.40,0,32,4,,2873
Sun May 24 15:14:49 2015,20.40,0,31,4,,2883
Sun May 24 15:14:59 2015,20.40,0,32,4,,2893
Sun May 24 15:15:09 2015,20.49,0,31,4,,2903
Sun May 24 15:15:19 2015,20.49,0,31,4,,2913
Sun May 24 15:15:29 2015,20.68,0,31,4,,2923
Sun May 24 15:15:39 2015,20.49,0,32,4,,2933
Sun May 24 15:15:49 2015,20.40,0,32,4,,2943
Sun May 24 15:15:59 2015,20.31,0,31,4,,2953
Sun May 24 15:16:09 2015,20.40,0,31,4,,2963
Sun May 24 15:16:19 2015,20.79,0,32,4,,2973
Sun May 24 15:16:29 2015,20.49,0,32,4,,2983
Sun May 24 15:16:39 2015,20.40,0,32,4,,2993
Sun May 24 15:16:49 2015,20.62,0,32,4,,3003
Sun May 24 15:16:59 2015,20.57,0,32,4,,3013
Sun May 24 15:17:09 2015,20.62,0,32,4,,3023
Sun May 24 15:17:19 2015,20.49,0,32,4,,3033
Sun May 24 15:17:29 2015,20.40,0,32,4,,3043
Sun May 24 15:17:39 2015,20.49,0,32,4,,3053
Sun May 24 15:17:49 2015,20.49,0,32,4,,3063
Sun May 24 15:17:59 2015,20.68,0,32,4,,3073
Sun May 24 15:18:09 2015,20.62,0,32,4,,3083
Sun May 24 15:18:19 2015,20.40,0,32,4,,3093
Sun May 24 15:18:29 2015,20.40,0,32,4,,3103
Sun May 24 15:18:39 2015,20.62,0,32,4,,3113
Sun May 24 15:18:49 2015,20.49,0,32,4,,3123
Sun May 24 15:18:59 2015,20.62,0,32,4,,3133
Sun May 24 15:19:09 2015,20.68,0,32,4,,3143
Sun May 24 15:19:19 2015,20.40,0,32,4,,3153
Sun May 24 15:19:29 2015,20.62,0,32,4,,3163
Sun May 24 15:19:39 2015,20.49,0,32,4,,3173
Sun May 24 15:19:49 2015,20.68,0,32,4,,3183
Sun May 24 15:19:59 2015,20.40,0,32,4,,3193
Sun May 24 15:20:09 2015,20.49,0,32,4,,3203
Sun May 24 15:20:19 2015,20.62,0,32,4,,3213
Sun May 24 15:20:29 2015,20.49,0,32,4,,3223
Sun May 24 15:20:39 2015,20.49,0,32,4,,3233
Sun May 24 15:20:49 2015,20.22,0,33,4,,3243
Sun May 24 15:20:59 2015,20.40,0,33,4,,3253
Sun May 24 15:21:09 2015,20.40,0,33,4,,3263
Sun May 24 15:21:19 2015,20.60,0,32,4,,3273
Sun May 24 15:21:29 2015,20.62,0,32,4,,3283
Sun May 24 15:21:39 2015,20.44,0,32,4,,3293
Sun May 24 15:21:49 2015,20.44,0,32,4,,3303
Sun May 24 15:21:59 2015,20.68,0,32,4,,3313
Sun May 24 15:22:09 2015,20.49,0,32,4,,3323
Sun May 24 15:22:19 2015,20.60,0,32,4,,3333
Sun May 24 15:22:29 2015,20.40,0,32,4,,3343
Sun May 24 15:22:39 2015,20.40,0,32,4,,3353
Sun May 24 15:22:49 2015,20.62,0,32,4,,3363
Sun May 24 15:22:59 2015,20.60,0,32,4,,3373
Sun May 24 15:23:09 2015,20.22,0,32,4,,3383
Sun May 24 15:23:19 2015,20.44,0,32,4,,3393
Sun May 24 15:23:29 2015,20.60,0,32,4,,3403
Sun May 24 15:36:24 2015,20.09,0,33,4,,1000
Sun May 24 15:36:24 2015,20.09,0,33,4,,1000
Sun May 24 15:36:25 2015,19.70,0,33,4,,1001
Sun May 24 15:36:41 2015,20.09,0,33,4,1,900
Sun May 24 15:37:12 2015,20.05,0,33,4,1,900
Sun May 24 15:37:21 2015,19.87,0,33,4,1,909
Sun May 24 15:45:29 2015,18.74,0,35,93,438093,1432438093
Sun May 24 15:45:39 2015,18.74,0,35,03,438103,1432438103
Sun May 24 15:45:49 2015,18.87,0,36,13,438113,1432438113
Sun May 24 15:46:20 2015,21.19,0,33,4,1,980
Sun May 24 15:46:29 2015,20.14,0,33,4,1,989
Sun May 24 15:46:39 2015,20.05,0,33,4,1,999
Sun May 24 15:46:49 2015,19.87,0,33,4,,1009
Sun May 24 15:46:59 2015,19.52,0,34,4,,1019
Sun May 24 15:47:06 2015,19.55,0,34,4,,1026
Sun May 24 16:03:49 2015,21.10,0,33,4,1,980
Sun May 24 16:03:59 2015,21.10,0,33,4,1,990
Sun May 24 16:04:09 2015,21.14,0,33,4,,1000
Sun May 24 16:04:19 2015,21.30,0,33,4,,1010
Sun May 24 16:05:22 2015,21.39,0,33,4,1,980
Sun May 24 16:05:32 2015,21.14,0,33,4,1,990
Sun May 24 16:05:42 2015,21.14,0,33,4,,1000
Sun May 24 16:08:58 2015,20.77,0,33,4,1,995
Sun May 24 16:09:08 2015,20.79,0,33,4,1,1005
Sun May 24 16:09:18 2015,20.81,0,33,4,1,1015
Sun May 24 16:09:28 2015,20.95,0,34,4,1,1025
Sun May 24 16:09:38 2015,20.57,0,34,4,1,1035
Sun May 24 16:09:48 2015,20.73,0,33,4,1,1045
Sun May 24 16:09:58 2015,20.79,0,33,4,1,1055
Sun May 24 16:10:08 2015,20.79,0,34,4,1,1065
Sun May 24 16:10:18 2015,20.57,0,33,4,1,1075
Sun May 24 16:10:28 2015,20.57,0,33,4,1,1085
Sun May 24 16:10:38 2015,20.81,0,34,4,1,1095
Sun May 24 16:10:48 2015,20.73,0,33,4,1,1105
Sun May 24 16:10:58 2015,20.84,0,33,4,1,1115
Sun May 24 16:11:05 2015,20.97,0,33,4,1,995
Sun May 24 16:11:15 2015,20.79,0,33,4,1,1005
Sun May 24 16:12:44 2015,20.79,0,34,4,1,0
Sun May 24 16:12:54 2015,20.79,0,34,4,1,10
Sun May 24 16:13:04 2015,20.57,0,34,4,1,20
Sun May 24 16:13:14 2015,20.57,0,34,4,1,30
Sun May 24 16:13:24 2015,20.79,0,34,4,1,40
Sun May 24 16:13:34 2015,20.86,0,34,4,1,50
Sun May 24 16:13:44 2015,20.57,0,34,4,1,60
Sun May 24 16:13:54 2015,20.62,0,34,4,1,70
Sun May 24 16:14:04 2015,20.68,0,34,4,1,80
Sun May 24 16:14:14 2015,20.49,0,34,4,1,90
Sun May 24 16:14:24 2015,20.62,0,33,4,1,100
Sun May 24 16:14:34 2015,20.40,0,33,4,1,110
Sun May 24 16:14:44 2015,20.77,0,34,4,1,120
Sun May 24 16:14:54 2015,20.55,0,33,4,1,130
Sun May 24 16:15:04 2015,20.40,0,34,4,1,140
Sun May 24 16:15:07 2015,20.79,0,34,4,1,143
Sun May 24 16:15:17 2015,20.73,0,34,4,1,153
Sun May 24 16:15:27 2015,20.49,0,34,4,1,163
Sun May 24 16:15:37 2015,20.57,0,34,4,1,173
Sun May 24 16:15:47 2015,20.49,0,34,4,1,183
Sun May 24 16:15:57 2015,20.57,0,34,4,1,193
Sun May 24 16:16:07 2015,20.49,0,34,4,1,203
Sun May 24 16:16:17 2015,20.14,0,35,4,1,213
Sun May 24 16:16:27 2015,20.03,0,35,4,1,223
Sun May 24 16:16:37 2015,19.87,0,35,4,1,233
Sun May 24 16:16:47 2015,20.03,0,35,4,1,243
Sun May 24 16:16:57 2015,19.68,0,36,4,1,253
Sun May 24 16:17:07 2015,19.52,0,35,4,1,263
Sun May 24 16:17:17 2015,19.00,0,36,4,1,273
Sun May 24 16:17:27 2015,19.00,0,36,4,1,283
Sun May 24 16:17:37 2015,18.93,0,36,4,1,293
Sun May 24 16:17:47 2015,18.74,1,37,4,1,303
Sun May 24 16:17:57 2015,18.63,1,37,4,1,313
Sun May 24 16:18:07 2015,19.52,0,35,4,1,323
Sun May 24 16:18:17 2015,19.63,0,35,4,1,333
Sun May 24 16:18:27 2015,19.44,0,36,4,1,343
Sun May 24 16:18:37 2015,19.74,0,35,4,1,353
Sun May 24 16:18:47 2015,19.52,0,35,4,1,363
Sun May 24 16:18:57 2015,19.90,0,35,4,1,373
Sun May 24 16:19:07 2015,19.90,0,35,4,1,383
Sun May 24 16:19:17 2015,19.72,0,35,4,1,393
Sun May 24 16:19:27 2015,19.90,0,36,4,1,403
Sun May 24 16:19:37 2015,19.44,0,35,4,1,413
Sun May 24 16:19:47 2015,19.70,0,35,4,1,423
Sun May 24 16:19:57 2015,19.57,0,36,4,1,433
Sun May 24 16:20:07 2015,19.44,0,35,4,1,443
Sun May 24 16:20:17 2015,19.63,0,35,4,1,453
Sun May 24 16:20:27 2015,19.74,0,35,4,1,463
Sun May 24 16:20:37 2015,19.68,0,36,4,1,473
Sun May 24 16:20:47 2015,19.52,0,35,4,1,483
Sun May 24 16:20:57 2015,19.52,0,35,4,1,493
Sun May 24 16:21:07 2015,19.74,0,35,4,1,503
Sun May 24 16:21:17 2015,19.81,0,35,4,1,513
Sun May 24 16:21:27 2015,19.68,0,35,4,1,523
Sun May 24 16:21:37 2015,19.52,0,35,4,1,533
Sun May 24 16:21:47 2015,19.68,0,35,4,1,543
Sun May 24 16:21:57 2015,19.52,0,35,4,1,553
Sun May 24 16:22:07 2015,19.70,0,35,4,1,563
Sun May 24 16:22:17 2015,19.81,0,35,4,1,573
Sun May 24 16:22:27 2015,19.72,0,35,4,1,583
Sun May 24 16:22:37 2015,19.81,0,35,4,1,593
Sun May 24 16:22:47 2015,19.87,0,35,4,1,603
Sun May 24 16:22:57 2015,19.70,0,35,4,1,613
Sun May 24 16:23:07 2015,19.87,0,34,4,1,623
Sun May 24 16:23:17 2015,20.14,0,34,4,1,633
Sun May 24 16:23:27 2015,20.42,0,34,4,1,643
Sun May 24 16:23:37 2015,20.33,0,35,4,1,653
Sun May 24 16:23:47 2015,20.51,0,34,4,1,663
Sun May 24 16:23:57 2015,20.14,0,34,4,1,673
Sun May 24 16:24:07 2015,20.22,0,34,4,1,683
Sun May 24 16:24:17 2015,20.44,0,34,4,1,693
Sun May 24 16:24:27 2015,20.38,0,34,4,1,703
Sun May 24 16:24:37 2015,20.22,0,34,4,1,713
Sun May 24 16:24:47 2015,20.22,0,34,4,1,723
Sun May 24 16:24:57 2015,20.40,0,34,4,1,733
Sun May 24 16:25:07 2015,20.40,0,34,4,1,743
Sun May 24 16:25:17 2015,20.40,0,34,4,1,753
Sun May 24 16:25:27 2015,20.71,0,34,4,1,763
Sun May 24 16:25:37 2015,20.49,0,34,4,1,773
Sun May 24 16:25:47 2015,20.40,0,34,4,1,783
Sun May 24 16:25:57 2015,20.40,0,34,4,1,793
Sun May 24 16:26:07 2015,20.62,0,34,4,1,803
Sun May 24 16:26:17 2015,20.49,0,34,4,1,813
Sun May 24 16:26:27 2015,20.49,0,34,4,1,823
Sun May 24 16:26:37 2015,20.22,0,34,4,1,833
Sun May 24 16:26:47 2015,20.22,0,34,4,1,843
Sun May 24 16:26:57 2015,20.51,0,34,4,1,853
Sun May 24 16:27:07 2015,20.22,0,34,4,1,863
Sun May 24 16:27:17 2015,20.62,0,33,4,1,873
Sun May 24 16:27:27 2015,20.38,0,34,4,1,883
Sun May 24 16:27:37 2015,20.38,0,34,4,1,893
Sun May 24 16:27:47 2015,20.60,0,34,4,1,903
Sun May 24 16:27:57 2015,20.68,0,34,4,1,913
Sun May 24 16:28:07 2015,20.22,0,34,4,1,923
Sun May 24 16:28:17 2015,20.38,0,34,4,1,933
Sun May 24 16:28:27 2015,20.40,0,34,4,1,943
Sun May 24 16:28:37 2015,20.22,0,34,4,1,953
Sun May 24 16:28:47 2015,20.22,0,34,4,1,963
Sun May 24 16:28:57 2015,20.14,0,34,4,1,973
Sun May 24 16:29:07 2015,20.22,0,34,4,1,983
Sun May 24 16:29:17 2015,20.22,0,34,4,1,993
Sun May 24 16:29:27 2015,20.33,0,34,4,1,1003
Sun May 24 16:29:37 2015,20.44,0,34,4,1,1013
Sun May 24 16:29:47 2015,20.22,0,34,4,1,1023
Sun May 24 16:29:57 2015,20.22,0,34,4,1,1033
Sun May 24 16:30:07 2015,20.14,0,34,4,1,1043
Sun May 24 16:30:17 2015,20.38,0,34,4,1,1053
Sun May 24 16:30:27 2015,20.49,0,34,4,1,1063
Sun May 24 16:30:37 2015,20.49,0,34,4,1,1073
Sun May 24 16:30:47 2015,20.55,0,34,4,1,1083
Sun May 24 16:30:57 2015,20.22,0,34,4,1,1093
Sun May 24 16:31:07 2015,20.22,0,34,4,1,1103
Sun May 24 16:31:17 2015,20.14,0,34,4,1,1113
Sun May 24 16:31:27 2015,20.22,0,34,4,1,1123
Sun May 24 16:31:37 2015,20.22,0,34,4,1,1133
Sun May 24 16:31:47 2015,20.44,0,34,4,1,1143
Sun May 24 16:31:57 2015,20.22,0,34,4,1,1153
Sun May 24 16:32:07 2015,20.38,0,34,4,1,1163
Sun May 24 16:32:17 2015,20.38,0,34,4,1,1173
Sun May 24 16:32:27 2015,20.22,0,34,4,1,1183
Sun May 24 16:32:37 2015,20.22,0,34,4,1,1193
Sun May 24 16:32:47 2015,20.38,0,34,4,1,1203
Sun May 24 16:32:57 2015,20.68,0,34,4,1,1213
Sun May 24 16:33:07 2015,20.68,0,34,4,1,1223
Sun May 24 16:33:17 2015,20.40,0,34,4,1,1233
Sun May 24 16:33:27 2015,20.40,0,34,4,1,1243
Sun May 24 16:33:37 2015,20.49,0,34,4,1,1253
Sun May 24 16:33:47 2015,20.22,0,34,4,1,1263
Sun May 24 16:33:57 2015,20.60,0,34,4,1,1273
Sun May 24 16:34:07 2015,20.22,0,34,4,1,1283
Sun May 24 16:34:17 2015,20.31,0,34,4,1,1293
Sun May 24 16:34:27 2015,20.31,0,34,4,1,1303
Sun May 24 16:34:37 2015,20.62,0,34,4,1,1313
Sun May 24 16:34:47 2015,20.31,0,34,4,1,1323
Sun May 24 16:34:57 2015,20.38,0,34,4,1,1333
Sun May 24 16:35:07 2015,20.22,0,34,4,1,1343
Sun May 24 16:35:17 2015,20.22,0,34,4,1,1353
Sun May 24 16:35:27 2015,20.40,0,34,4,1,1363
Sun May 24 16:35:37 2015,20.22,0,34,4,1,1373
Sun May 24 16:35:47 2015,20.22,0,34,4,1,1383
Sun May 24 16:35:57 2015,20.22,0,34,4,1,1393
Sun May 24 16:36:07 2015,20.22,0,34,4,1,1403
Sun May 24 16:36:17 2015,20.44,0,34,4,1,1413
Sun May 24 16:36:27 2015,20.60,0,34,4,1,1423
Sun May 24 16:36:37 2015,20.07,0,35,4,1,1433
Sun May 24 16:36:47 2015,18.12,1,37,4,1,1443
Sun May 24 16:36:57 2015,18.82,0,36,4,1,1453
Sun May 24 16:37:07 2015,19.09,0,36,4,1,1463
Sun May 24 16:37:17 2015,18.82,0,36,4,1,1473
Sun May 24 16:37:27 2015,18.85,0,37,4,1,1483
Sun May 24 16:37:37 2015,19.00,0,36,4,1,1493
Sun May 24 16:37:47 2015,19.09,0,36,4,1,1503
Sun May 24 16:37:57 2015,19.09,0,36,4,1,1513
Sun May 24 16:38:07 2015,19.17,0,36,4,1,1523
Sun May 24 16:38:17 2015,19.26,0,36,4,1,1533
Sun May 24 16:38:27 2015,19.09,0,36,4,1,1543
Sun May 24 16:38:37 2015,19.09,0,36,4,1,1553
Sun May 24 16:38:47 2015,19.09,0,36,4,1,1563
Sun May 24 16:38:57 2015,19.00,0,36,4,1,1573
Sun May 24 16:39:07 2015,18.82,0,36,4,1,1583
Sun May 24 16:39:17 2015,18.74,1,36,4,1,1593
Sun May 24 16:39:27 2015,18.74,1,37,4,1,1603
Sun May 24 16:39:37 2015,19.02,0,36,4,1,1613
Sun May 24 16:39:47 2015,18.98,0,36,4,1,1623
Sun May 24 16:39:57 2015,19.20,0,36,4,1,1633
Sun May 24 16:40:07 2015,18.98,0,36,4,1,1643
Sun May 24 16:40:17 2015,18.98,0,36,4,1,1653
Sun May 24 16:40:27 2015,19.22,0,36,4,1,1663
Sun May 24 16:40:37 2015,19.00,0,36,4,1,1673
Sun May 24 16:40:47 2015,19.00,0,36,4,1,1683
Sun May 24 16:40:57 2015,19.04,0,36,4,1,1693
Sun May 24 16:41:07 2015,19.00,0,36,4,1,1703
Sun May 24 16:41:17 2015,19.00,0,36,4,1,1713
Sun May 24 16:41:27 2015,18.82,0,36,4,1,1723
Sun May 24 16:41:37 2015,18.74,0,37,4,1,1733
Sun May 24 16:41:47 2015,19.04,0,36,4,1,1743
Sun May 24 16:41:57 2015,19.00,0,36,4,1,1753
Sun May 24 16:42:07 2015,19.00,0,36,4,1,1763
Sun May 24 16:42:17 2015,18.98,0,36,4,1,1773
Sun May 24 16:42:27 2015,19.00,0,36,4,1,1783
Sun May 24 16:42:37 2015,19.00,0,36,4,1,1793
Sun May 24 16:42:47 2015,19.09,0,36,4,1,1803
Sun May 24 16:42:57 2015,19.04,0,36,4,1,1813
Sun May 24 16:43:07 2015,18.82,0,36,4,1,1823
Sun May 24 16:43:17 2015,19.00,0,36,4,1,1833
Sun May 24 16:43:27 2015,18.98,0,36,4,1,1843
Sun May 24 16:43:37 2015,19.00,0,36,4,1,1853
Sun May 24 16:43:47 2015,18.82,1,36,4,1,1863
Sun May 24 16:43:57 2015,18.98,1,36,4,1,1873
Sun May 24 16:44:07 2015,18.82,1,37,4,1,1883
Sun May 24 16:44:17 2015,18.82,0,36,4,1,1893
Sun May 24 16:44:27 2015,19.37,0,36,4,1,1903
Sun May 24 16:46:44 2015,19.52,0,35,4,1,0
Sun May 24 16:46:53 2015,19.70,0,35,4,1,9
Sun May 24 16:47:03 2015,19.52,0,35,4,1,19
Sun May 24 16:47:13 2015,19.52,0,35,4,1,29
Sun May 24 16:47:23 2015,19.70,0,35,4,1,39
Sun May 24 16:47:33 2015,19.52,0,35,4,1,49
Sun May 24 16:47:43 2015,20.49,0,34,4,1,59
Sun May 24 16:47:53 2015,20.09,0,34,4,1,69
Sun May 24 16:48:03 2015,19.52,0,35,4,1,79
Sun May 24 16:48:13 2015,19.63,0,36,4,1,89
Sun May 24 16:48:23 2015,19.26,0,36,4,1,99
Sun May 24 16:48:33 2015,21.47,0,32,4,1,109
Sun May 24 16:48:43 2015,21.65,0,33,4,1,119
Sun May 24 16:48:53 2015,21.28,0,33,4,1,129
Sun May 24 16:49:03 2015,21.10,0,33,4,1,139
Sun May 24 16:49:13 2015,21.47,0,33,4,1,149
Sun May 24 16:49:23 2015,21.28,0,33,4,1,159
Sun May 24 16:49:33 2015,21.47,0,33,4,1,169
Sun May 24 16:49:43 2015,20.92,0,32,4,1,179
Sun May 24 16:49:53 2015,21.10,0,33,4,1,189
Sun May 24 16:50:03 2015,21.01,0,33,4,1,199
Sun May 24 16:50:13 2015,21.14,0,33,4,1,209
Sun May 24 16:50:23 2015,20.92,0,33,4,1,219
Sun May 24 16:50:33 2015,20.92,0,33,4,1,229
Sun May 24 16:50:43 2015,-1.00,-1,-1,4,1,239
Sun May 24 16:50:53 2015,-1.00,-1,-1,4,1,249
Sun May 24 16:51:03 2015,-1.00,-1,-1,4,1,259
Sun May 24 16:51:13 2015,-1.00,-1,-1,4,1,269
Sun May 24 16:51:23 2015,-1.00,-1,-1,4,1,279
Sun May 24 16:51:33 2015,17.27,1,39,4,1,289
Sun May 24 16:51:43 2015,18.30,1,36,4,1,299
Sun May 24 16:51:53 2015,22.37,1,30,4,1,309
Sun May 24 16:52:03 2015,22.31,1,30,4,1,319
Sun May 24 16:52:13 2015,22.31,1,30,4,1,329
Sun May 24 16:52:23 2015,22.24,1,30,4,1,339
Sun May 24 16:52:51 2015,22.24,1,31,4,1,0
Sun May 24 16:53:01 2015,22.33,1,30,4,1,10
Sun May 24 16:53:52 2015,22.33,1,30,4,1,0
Sun May 24 16:54:02 2015,22.26,1,30,4,1,10
Sun May 24 16:54:12 2015,-1.00,0,12,4,1,20
Sun May 24 16:54:22 2015,20.92,0,92,4,0,0
Sun May 24 16:54:32 2015,21.39,0,94,4,0,10
Sun May 24 16:54:42 2015,20.92,0,90,4,0,20
Sun May 24 16:54:52 2015,21.63,0,92,4,0,30
Sun May 24 16:55:02 2015,22.62,0,0,4,1,0
Sun May 24 16:55:12 2015,-1.00,-1,0,4,1,10
Sun May 24 16:56:00 2015,23.59,0,1,4,1,0
Sun May 24 16:56:10 2015,22.90,0,1,4,1,10
Sun May 24 16:56:20 2015,22.51,0,1,4,1,20
Sun May 24 16:56:30 2015,22.59,0,2,4,1,30
Sun May 24 16:56:40 2015,22.88,0,1,4,1,40
Sun May 24 16:56:50 2015,22.90,0,1,4,1,50
Sun May 24 16:57:00 2015,22.84,0,1,4,1,60
Sun May 24 16:57:11 2015,22.84,0,1,4,1,0
Sun May 24 16:57:21 2015,22.90,0,2,4,1,10
Sun May 24 16:57:31 2015,22.84,0,2,4,1,20
Sun May 24 16:57:41 2015,22.68,0,60,4,1,30
Sun May 24 16:57:51 2015,23.23,0,78,4,0,0
Sun May 24 16:58:01 2015,22.95,0,76,4,0,10
Sun May 24 16:58:11 2015,22.86,0,75,4,0,20
Sun May 24 16:58:21 2015,22.90,0,76,4,0,30
Sun May 24 16:58:31 2015,22.86,0,76,4,0,40
Sun May 24 16:58:41 2015,23.06,0,3,4,1,0
Sun May 24 16:58:51 2015,22.68,0,76,4,0,0
Sun May 24 16:59:01 2015,23.90,0,74,4,0,10
Sun May 24 16:59:11 2015,0.74,-1,74,4,0,20
Sun May 24 16:59:21 2015,-1.00,-1,-1,4,0,30
Sun May 24 16:59:31 2015,-1.00,-1,-1,4,0,40
Sun May 24 16:59:41 2015,-1.00,-1,-1,4,0,50
Sun May 24 16:59:51 2015,23.65,0,18,4,1,0
Sun May 24 17:00:01 2015,22.79,0,77,4,0,0
Sun May 24 17:00:11 2015,22.70,0,76,4,0,10
Sun May 24 17:00:21 2015,22.55,0,76,4,0,20
Sun May 24 17:00:31 2015,22.59,0,76,4,0,30
Sun May 24 17:00:41 2015,22.33,0,75,4,0,40
Sun May 24 17:00:51 2015,22.51,0,75,4,0,50
Sun May 24 17:01:01 2015,22.33,0,75,4,0,60
Sun May 24 17:01:13 2015,22.33,0,76,4,0,1432441337
Sun May 24 17:01:23 2015,22.79,0,11,4,1,0
Sun May 24 17:01:33 2015,22.42,0,77,4,0,0
Sun May 24 17:01:43 2015,22.55,0,76,4,0,10
Sun May 24 17:01:53 2015,22.33,0,76,4,0,20
Sun May 24 17:02:03 2015,-1.00,-1,0,4,1,0
Sun May 24 17:02:13 2015,7.50,-1,-1,4,1,10
Sun May 24 17:02:23 2015,-1.00,-1,-1,4,1,20
Sun May 24 17:02:33 2015,0.75,-1,-1,4,1,30
Sun May 24 17:02:43 2015,0.74,-1,-1,4,1,40
Sun May 24 17:02:53 2015,0.74,-1,-1,4,1,50
Sun May 24 17:03:03 2015,0.74,-1,-1,4,1,60
Sun May 24 17:03:13 2015,0.74,-1,-1,4,1,70
Sun May 24 17:03:23 2015,0.74,-1,-1,4,1,80
Sun May 24 17:03:33 2015,0.74,-1,-1,4,1,90
Sun May 24 17:03:43 2015,0.73,-1,-1,4,1,100
Sun May 24 17:03:53 2015,0.73,-1,-1,4,1,110
Sun May 24 17:04:03 2015,0.74,-1,-1,4,1,120
Sun May 24 17:04:13 2015,0.74,-1,-1,4,1,130
Sun May 24 17:04:23 2015,0.74,-1,-1,4,1,140
Sun May 24 17:04:33 2015,0.73,-1,-1,4,1,150
Sun May 24 17:04:43 2015,0.73,-1,-1,4,1,160
Sun May 24 17:04:53 2015,0.73,-1,-1,4,1,170
Sun May 24 17:05:03 2015,0.74,-1,-1,4,1,180
Sun May 24 17:05:13 2015,0.73,-1,-1,4,1,190
Sun May 24 17:05:23 2015,0.74,-1,-1,4,1,200
Sun May 24 17:05:33 2015,0.73,-1,-1,4,1,210
Sun May 24 17:05:43 2015,0.73,-1,-1,4,1,220
Sun May 24 17:05:53 2015,0.73,-1,-1,4,1,230
Sun May 24 17:06:03 2015,0.73,-1,-1,4,1,240
Sun May 24 17:06:13 2015,0.73,-1,-1,4,1,250
Sun May 24 17:06:23 2015,0.73,-1,-1,4,1,260
Sun May 24 17:06:33 2015,0.73,-1,-1,4,1,270
Sun May 24 17:06:43 2015,0.73,-1,-1,4,1,280
Sun May 24 17:06:53 2015,0.73,-1,-1,4,1,290
Sun May 24 17:07:03 2015,0.72,-1,-1,4,1,300
Sun May 24 17:07:13 2015,0.73,-1,-1,4,1,310
Sun May 24 17:07:23 2015,0.73,-1,-1,4,1,320
Sun May 24 17:07:33 2015,0.73,-1,-1,4,1,330
Sun May 24 17:07:43 2015,0.72,-1,-1,4,1,340
Sun May 24 17:07:53 2015,0.72,-1,-1,4,1,350
Sun May 24 17:08:03 2015,0.72,-1,-1,4,1,360
Sun May 24 17:08:13 2015,0.72,-1,-1,4,1,370
Sun May 24 17:08:23 2015,0.72,-1,-1,4,1,380
Sun May 24 17:08:33 2015,0.72,-1,-1,4,1,390
Sun May 24 17:08:43 2015,0.72,-1,-1,4,1,400
Sun May 24 17:08:53 2015,0.72,-1,-1,4,1,410
Sun May 24 17:09:03 2015,0.72,-1,-1,4,1,420
Sun May 24 17:09:13 2015,0.71,-1,-1,4,1,430
Sun May 24 17:09:23 2015,0.72,-1,-1,4,1,440
Sun May 24 17:09:33 2015,0.72,-1,-1,4,1,450
Sun May 24 17:09:43 2015,0.71,-1,-1,4,1,460
Sun May 24 17:09:53 2015,0.71,-1,-1,4,1,470
Sun May 24 17:10:03 2015,0.71,-1,-1,4,1,480
Sun May 24 17:11:07 2015,23.59,0,94,4,0,1432441719
Sun May 24 17:11:17 2015,22.33,0,95,4,0,1432441729
Sun May 24 17:11:27 2015,22.51,0,92,4,0,1432441739
Sun May 24 17:11:37 2015,22.59,0,91,4,0,1432441749
Sun May 24 17:11:47 2015,22.33,0,94,4,0,1432441759
Sun May 24 17:11:57 2015,-1.00,0,0,4,1,0
Sun May 24 17:12:07 2015,-1.00,-1,6,4,1,10
Sun May 24 17:12:17 2015,-1.00,0,6,4,1,20
Sun May 24 17:14:18 2015,23.94,0,69,4,0,1432441910
Sun May 24 17:14:28 2015,22.95,1,1,4,1,0
Sun May 24 17:14:38 2015,22.84,1,51,4,1,10
Sun May 24 17:14:48 2015,22.59,0,70,4,0,0
Sun May 24 17:14:58 2015,22.51,0,69,4,0,10
Sun May 24 17:15:08 2015,22.84,0,69,4,0,20
Sun May 24 17:15:18 2015,22.51,0,68,4,0,30
Sun May 24 17:15:28 2015,22.73,0,69,4,0,40
Sun May 24 17:15:38 2015,22.79,0,69,4,0,50
Sun May 24 17:15:48 2015,22.48,0,69,4,0,60
Sun May 24 17:15:58 2015,22.70,0,68,4,0,70
Sun May 24 17:16:08 2015,22.68,0,68,4,0,80
Sun May 24 17:16:18 2015,22.66,0,68,4,0,90
Sun May 24 17:16:28 2015,22.55,0,68,4,0,100
Sun May 24 17:16:38 2015,22.70,0,68,4,0,110
Sun May 24 17:16:48 2015,22.88,0,68,4,0,120
Sun May 24 17:16:58 2015,22.79,0,68,4,0,130
Sun May 24 17:17:08 2015,22.59,0,68,4,0,140
Sun May 24 17:17:18 2015,22.51,0,68,4,0,150
Sun May 24 17:17:28 2015,22.79,0,68,4,0,160
Sun May 24 17:17:38 2015,22.59,0,68,4,0,170
Sun May 24 17:17:48 2015,22.88,0,68,4,0,180
Sun May 24 17:17:58 2015,22.79,0,68,4,0,190
Sun May 24 17:18:08 2015,22.51,0,68,4,0,200
Sun May 24 17:18:18 2015,22.70,0,68,4,0,210
Sun May 24 17:18:28 2015,22.79,0,67,4,0,220
Sun May 24 17:18:38 2015,22.51,0,68,4,0,230
Sun May 24 17:18:48 2015,22.59,1,67,4,0,240
Sun May 24 17:18:58 2015,22.66,1,67,4,0,250
Sun May 24 17:19:08 2015,22.51,1,68,4,0,260
Sun May 24 17:19:18 2015,22.51,1,67,4,0,270
Sun May 24 17:19:28 2015,22.59,1,67,4,0,280
Sun May 24 17:19:38 2015,22.88,1,67,4,0,290
Sun May 24 17:19:48 2015,22.90,1,67,4,0,300
Sun May 24 17:19:58 2015,22.79,1,67,4,0,310
Sun May 24 17:20:08 2015,22.59,0,68,4,0,320
Sun May 24 17:20:18 2015,22.79,0,67,4,0,330
Sun May 24 17:20:28 2015,22.59,0,67,4,0,340
Sun May 24 17:20:38 2015,22.59,0,67,4,0,350
Sun May 24 17:20:48 2015,22.84,0,67,4,0,360
Sun May 24 17:20:58 2015,22.88,0,67,4,0,370
Sun May 24 17:21:08 2015,22.51,0,67,4,0,380
Sun May 24 17:21:18 2015,22.66,0,67,4,0,390
Sun May 24 17:21:28 2015,22.51,0,67,4,0,400
Sun May 24 17:21:38 2015,22.51,0,67,4,0,410
Sun May 24 17:21:48 2015,22.90,0,67,4,0,420
Sun May 24 17:21:58 2015,22.68,0,67,4,0,430
Sun May 24 17:22:08 2015,22.59,0,67,4,0,440
Sun May 24 17:22:18 2015,22.51,1,67,4,0,450
Sun May 24 17:22:28 2015,22.59,1,67,4,0,460
Sun May 24 17:22:38 2015,22.42,1,67,4,0,470
Sun May 24 17:22:48 2015,22.88,1,67,4,0,480
Sun May 24 17:22:58 2015,22.66,1,67,4,0,490
Sun May 24 17:23:08 2015,22.59,1,67,4,0,500
Sun May 24 17:23:18 2015,22.79,1,67,4,0,510
Sun May 24 17:23:28 2015,22.59,1,67,4,0,520
Sun May 24 17:23:38 2015,22.42,1,67,4,0,530
Sun May 24 17:23:48 2015,22.59,1,67,4,0,540
Sun May 24 17:23:58 2015,22.51,1,67,4,0,550
Sun May 24 17:24:08 2015,22.59,1,67,4,0,560
Sun May 24 17:24:18 2015,22.70,1,67,4,0,570
Sun May 24 17:24:28 2015,22.42,1,67,4,0,580
Sun May 24 17:24:38 2015,22.79,1,67,4,0,590
Sun May 24 17:24:48 2015,22.88,1,67,4,0,600
Sun May 24 17:24:58 2015,22.79,1,67,4,0,610
Sun May 24 17:25:08 2015,22.59,1,67,4,0,620
Sun May 24 17:25:18 2015,22.59,1,67,4,0,630
Sun May 24 17:25:28 2015,22.68,1,67,4,0,640
Sun May 24 17:25:38 2015,22.59,1,67,4,0,650
Sun May 24 17:25:48 2015,22.59,1,67,4,0,660
Sun May 24 17:26:00 2015,22.51,1,67,4,0,1432442556
Sun May 24 17:26:09 2015,22.51,1,67,4,0,1432442565
Sun May 24 17:26:19 2015,22.51,1,67,4,0,1432442575
Sun May 24 17:27:28 2015,22.90,1,66,4,0,1432442636
Sun May 24 17:28:21 2015,22.68,1,67,4,0,0
Sun May 24 17:28:31 2015,22.79,1,1,4,1,0
Sun May 24 17:28:41 2015,22.66,1,64,4,0,0
Sun May 24 17:28:51 2015,22.66,0,63,4,0,10
Sun May 24 17:29:01 2015,-1.00,-1,-1,4,0,20
Sun May 24 17:29:11 2015,22.68,1,62,4,0,30
